
IPSOtime =

         0         0         0         0         0    0.0260


CSOtime =

         0         0         0         0         0    0.0220


ICSOtime =

         0         0         0         0         0    0.0450


IPSOm =

   15.7200    0.6682


CSOm =

   1.0e+04 *

    1.1707    1.0788


ICSOm =

   1.0e+04 *

    1.1195    1.1462


IPSOstd =

   10.6433


CSOstd =

  649.4150


ICSOstd =

  188.7005


IPSOminm =

    0.6682


CSOminm =

   1.0788e+04


ICSOminm =

   1.1195e+04


IPSOaverage =

    8.1941


CSOaverage =

   1.1248e+04


ICSOaverage =

   1.1328e+04


IPSOtime =

         0         0         0         0         0    0.0170


CSOtime =

         0         0         0         0         0    0.0220


ICSOtime =

         0         0         0         0         0    0.0260


IPSOm =

   30.1235    1.7901


CSOm =

   1.0e+04 *

    1.0790    1.1816


ICSOm =

   1.0e+04 *

    0.9721    1.0446


IPSOstd =

   20.0348


CSOstd =

  725.2581


ICSOstd =

  512.3343


IPSOminm =

    1.7901


CSOminm =

   1.0790e+04


ICSOminm =

   9.7210e+03


IPSOaverage =

   15.9568


CSOaverage =

   1.1303e+04


ICSOaverage =

   1.0083e+04


IPSOtime =

         0         0         0         0         0    0.2570


CSOtime =

         0         0         0         0         0    0.2490


ICSOtime =

         0         0         0         0         0    0.0470


IPSOm =

    0.7992    1.6345


CSOm =

   1.0e+04 *

    1.2278    0.9505


ICSOm =

   1.0e+04 *

    1.4385    1.1419


IPSOstd =

    0.5907


CSOstd =

   1.9613e+03


ICSOstd =

   2.0969e+03


IPSOminm =

    0.7992


CSOminm =

   9.5048e+03


ICSOminm =

   1.1419e+04


IPSOaverage =

    1.2168


CSOaverage =

   1.0892e+04


ICSOaverage =

   1.2902e+04


IPSOtime =

         0         0         0         0         0    1.7400


CSOtime =

         0         0         0         0    1.0000  -55.7310


ICSOtime =

         0         0         0         0         0    4.4370


IPSOm =

   1.0e-03 *

    0.3938    0.2052


CSOm =

   44.6762  282.4829


ICSOm =

   55.0360   63.7840


IPSOstd =

   1.3336e-04


CSOstd =

  168.1547


ICSOstd =

    6.1858


IPSOminm =

   2.0522e-04


CSOminm =

   44.6762


ICSOminm =

   55.0360


IPSOaverage =

   2.9952e-04


CSOaverage =

  163.5796


ICSOaverage =

   59.4100


IPSOtime =

         0         0         0         0    1.0000  -12.9210


CSOtime =

         0         0         0         0    1.0000   12.8830


ICSOtime =

         0         0         0         0    1.0000   12.5730


IPSOm =

    0.0010    0.0002    0.0059    0.0007    0.0019    0.0001    0.0008    0.0006    0.0265    0.0001


CSOm =

   33.9890  864.8324  285.2718   41.4155  131.5440  588.9697  203.9955  659.6736  631.4988  344.0855


ICSOm =

   46.4902  115.3433  390.2016   34.8682  223.1095  373.2304  190.1188  526.7685   47.1453   97.8039


IPSOstd =

    0.0082


CSOstd =

  290.1173


ICSOstd =

  171.6588


IPSOminm =

   5.9302e-05


CSOminm =

   33.9890


ICSOminm =

   34.8682


IPSOaverage =

    0.0038


CSOaverage =

  378.5276


ICSOaverage =

  204.5080


IPSOtime =

         0         0         0         0         0    0.0210


CSOtime =

         0         0         0         0         0    0.0300


ICSOtime =

         0         0         0         0    1.0000  -55.3350


IPSOm =

    9.3178    4.3192


CSOm =

   1.0e+03 *

    4.1509    2.9743


ICSOm =

   1.0e+03 *

    1.6118    0.6830


IPSOstd =

    3.5346


CSOstd =

  831.9535


ICSOstd =

  656.7656


IPSOminm =

    4.3192


CSOminm =

   2.9743e+03


ICSOminm =

  682.9627


IPSOaverage =

    6.8185


CSOaverage =

   3.5626e+03


ICSOaverage =

   1.1474e+03


IPSOtime =

         0         0         0         0         0    0.0680


CSOtime =

         0         0         0         0         0    0.1290


ICSOtime =

         0         0         0         0         0    0.1500


IPSOm =

    3.0648    3.4607


CSOm =

   1.0e+03 *

    1.3555    1.4286


ICSOm =

   1.0e+03 *

    1.7071    2.2674


IPSOstd =

    0.2800


CSOstd =

   51.6511


ICSOstd =

  396.1511


IPSOminm =

    3.0648


CSOminm =

   1.3555e+03


ICSOminm =

   1.7071e+03


IPSOaverage =

    3.2628


CSOaverage =

   1.3921e+03


ICSOaverage =

   1.9873e+03


IPSOtime =

         0         0         0         0         0    0.0670


CSOtime =

         0         0         0         0         0    0.1310


ICSOtime =

         0         0         0         0         0    0.1570


IPSOm =

    7.0712    0.0581


CSOm =

  927.6612  242.4458


ICSOm =

   1.0e+03 *

    9.9767    0.4959


IPSOstd =

    4.9590


CSOstd =

  484.5205


ICSOstd =

   6.7040e+03


IPSOminm =

    0.0581


CSOminm =

  242.4458


ICSOminm =

  495.8820


IPSOaverage =

    3.5646


CSOaverage =

  585.0535


ICSOaverage =

   5.2363e+03


IPSOtime =

         0         0         0         0    1.0000  -27.2540


CSOtime =

         0         0         0         0    1.0000   -2.3540


ICSOtime =

         0         0         0         0    1.0000   -1.4380


IPSOm =

   1.0e-03 *

    0.6780    0.0029    0.0008    0.1831    0.0353


CSOm =

    0.0005    0.0013    0.2831    0.1019    0.0009


ICSOm =

    0.0273    4.0872    0.0055    0.0003    0.0015


IPSOstd =

   2.8828e-04


CSOstd =

    0.1229


ICSOstd =

    1.8240


IPSOminm =

   7.5348e-07


CSOminm =

   5.4175e-04


ICSOminm =

   3.4352e-04


IPSOaverage =

   1.8001e-04


CSOaverage =

    0.0775


ICSOaverage =

    0.8244


IPSOtime =

         0         0         0         0         0    0.0690


CSOtime =

         0         0         0         0         0    0.1460


ICSOtime =

         0         0         0         0         0    0.2100


IPSOm =

    0.1730    2.4760


CSOm =

   1.0e+03 *

    1.9857    0.6696


ICSOm =

   1.0e+03 *

    1.9256    2.4732


IPSOstd =

    1.6285


CSOstd =

  930.6054


ICSOstd =

  387.2356


IPSOminm =

    0.1730


CSOminm =

  669.5996


ICSOminm =

   1.9256e+03


IPSOaverage =

    1.3245


CSOaverage =

   1.3276e+03


ICSOaverage =

   2.1994e+03


IPSOtime =

         0         0         0         0    2.0000   44.5930


CSOtime =

         0         0         0         0    7.0000  -12.9440


ICSOtime =

         0         0         0         0    7.0000  -12.7050


